time1 = [0:0.01:1.5/2];
time2 = [0:0.01:1.5/2];

%Tor1 = 58996*cos((82393*time1.^5)/10000 - (39733*time1.^4)/2500 + (86133*time1.^3)/10000 - time1.^2/2 + pi/2 + 2527/5000) + 98*cos((18257*time1.^5)/1000 - (4755153814056809*time1.^4)/140737488355328 + (2283761297290743*time1.^3)/140737488355328 + time1.^2/2 - 5327/5000) - 100*cos((18257*time1.^5)/1000 - (4755153814056809*time1.^4)/140737488355328 + (2283761297290743*time1.^3)/140737488355328 + time1.^2/2 - 5327/5000)^2*((264963*time1.^3)/500 - (13109855369973202443*time1.^2)/21990232555520000 + (6554954073265668117*time1)/43980465111040000) + 100*cos((18257*time1.^5)/1000 - (4755153814056809*time1.^4)/140737488355328 + (2283761297290743*time1.^3)/140737488355328 + time1.^2/2 - 5327/5000)^2*((82393*time1.^3)/500 - (119199*time1.^2)/625 + (258399*time1)/5000 - 1) - 100*sin((18257*time1.^5)/1000 - (4755153814056809*time1.^4)/140737488355328 + (2283761297290743*time1.^3)/140737488355328 + time1.^2/2 - 5327/5000)^2*((264963*time1.^3)/500 - (13109855369973202443*time1.^2)/21990232555520000 + (6554954073265668117*time1)/43980465111040000) + 100*sin((18257*time1.^5)/1000 - (4755153814056809*time1.^4)/140737488355328 + (2283761297290743*time1.^3)/140737488355328 + time1.^2/2 - 5327/5000)^2*((82393*time1.^3)/500 - (119199*time1.^2)/625 + (258399*time1)/5000 - 1) + 120400*cos((82393*time1.^5)/10000 - (39733*time1.^4)/2500 + (86133*time1.^3)/10000 - time1.^2/2 + pi/2 + 2527/5000)^2*((82393*time1.^3)/500 - (119199*time1.^2)/625 + (258399*time1)/5000 - 1) + 120400*sin((82393*time1.^5)/10000 - (39733*time1.^4)/2500 + (86133*time1.^3)/10000 - time1.^2/2 + pi/2 + 2527/5000)^2*((82393*time1.^3)/500 - (119199*time1.^2)/625 + (258399*time1)/5000 - 1) + 200*sin((82393*time1.^5)/10000 - (39733*time1.^4)/2500 + (86133*time1.^3)/10000 - time1.^2/2 + pi/2 + 2527/5000)*sin((18257*time1.^5)/1000 - (4755153814056809*time1.^4)/140737488355328 + (2283761297290743*time1.^3)/140737488355328 + time1.^2/2 - 5327/5000)*((264963*time1.^3)/500 - (13109855369973202443*time1.^2)/21990232555520000 + (6554954073265668117*time1)/43980465111040000) - 400*sin((82393*time1.^5)/10000 - (39733*time1.^4)/2500 + (86133*time1.^3)/10000 - time1.^2/2 + pi/2 + 2527/5000)*sin((18257*time1.^5)/1000 - (4755153814056809*time1.^4)/140737488355328 + (2283761297290743*time1.^3)/140737488355328 + time1.^2/2 - 5327/5000)*((82393*time1.^3)/500 - (119199*time1.^2)/625 + (258399*time1)/5000 - 1) - 400*cos((82393*time1.^5)/10000 - (39733*time1.^4)/2500 + (86133*time1.^3)/10000 - time1.^2/2 + pi/2 + 2527/5000)*sin((18257*time1.^5)/1000 - (4755153814056809*time1.^4)/140737488355328 + (2283761297290743*time1.^3)/140737488355328 + time1.^2/2 - 5327/5000)*(- (82393*time1.^4)/2000 + (39733*time1.^3)/625 - (258399*time1.^2)/10000 + time1)^2 - 400*sin((82393*time1.^5)/10000 - (39733*time1.^4)/2500 + (86133*time1.^3)/10000 - time1.^2/2 + pi/2 + 2527/5000)*cos((18257*time1.^5)/1000 - (4755153814056809*time1.^4)/140737488355328 + (2283761297290743*time1.^3)/140737488355328 + time1.^2/2 - 5327/5000)*(- (82393*time1.^4)/2000 + (39733*time1.^3)/625 - (258399*time1.^2)/10000 + time1)^2 - 200*cos((82393*time1.^5)/10000 - (39733*time1.^4)/2500 + (86133*time1.^3)/10000 - time1.^2/2 + pi/2 + 2527/5000)*cos((18257*time1.^5)/1000 - (4755153814056809*time1.^4)/140737488355328 + (2283761297290743*time1.^3)/140737488355328 + time1.^2/2 - 5327/5000)*((264963*time1.^3)/500 - (13109855369973202443*time1.^2)/21990232555520000 + (6554954073265668117*time1)/43980465111040000) + 400*cos((82393*time1.^5)/10000 - (39733*time1.^4)/2500 + (86133*time1.^3)/10000 - time1.^2/2 + pi/2 + 2527/5000)*cos((18257*time1.^5)/1000 - (4755153814056809*time1.^4)/140737488355328 + (2283761297290743*time1.^3)/140737488355328 + time1.^2/2 - 5327/5000)*((82393*time1.^3)/500 - (119199*time1.^2)/625 + (258399*time1)/5000 - 1) + 200*cos((82393*time1.^5)/10000 - (39733*time1.^4)/2500 + (86133*time1.^3)/10000 - time1.^2/2 + pi/2 + 2527/5000)*sin((18257*time1.^5)/1000 - (4755153814056809*time1.^4)/140737488355328 + (2283761297290743*time1.^3)/140737488355328 + time1.^2/2 - 5327/5000)*((264963*time1.^4)/2000 - (4369951789991067481*time1.^3)/21990232555520000 + (6554954073265668117*time1.^2)/87960930222080000)*((18257*time1.^4)/200 - (4755153814056809*time1.^3)/35184372088832 + (6851283891872229*time1.^2)/140737488355328 + time1) + 200*sin((82393*time1.^5)/10000 - (39733*time1.^4)/2500 + (86133*time1.^3)/10000 - time1.^2/2 + pi/2 + 2527/5000)*cos((18257*time1.^5)/1000 - (4755153814056809*time1.^4)/140737488355328 + (2283761297290743*time1.^3)/140737488355328 + time1.^2/2 - 5327/5000)*((264963*time1.^4)/2000 - (4369951789991067481*time1.^3)/21990232555520000 + (6554954073265668117*time1.^2)/87960930222080000)*((18257*time1.^4)/200 - (4755153814056809*time1.^3)/35184372088832 + (6851283891872229*time1.^2)/140737488355328 + time1) + 400*cos((82393*time1.^5)/10000 - (39733*time1.^4)/2500 + (86133*time1.^3)/10000 - time1.^2/2 + pi/2 + 2527/5000)*sin((18257*time1.^5)/1000 - (4755153814056809*time1.^4)/140737488355328 + (2283761297290743*time1.^3)/140737488355328 + time1.^2/2 - 5327/5000)*(- (82393*time1.^4)/2000 + (39733*time1.^3)/625 - (258399*time1.^2)/10000 + time1)*((18257*time1.^4)/200 - (4755153814056809*time1.^3)/35184372088832 + (6851283891872229*time1.^2)/140737488355328 + time1) + 400*sin((82393*time1.^5)/10000 - (39733*time1.^4)/2500 + (86133*time1.^3)/10000 - time1.^2/2 + pi/2 + 2527/5000)*cos((18257*time1.^5)/1000 - (4755153814056809*time1.^4)/140737488355328 + (2283761297290743*time1.^3)/140737488355328 + time1.^2/2 - 5327/5000)*(- (82393*time1.^4)/2000 + (39733*time1.^3)/625 - (258399*time1.^2)/10000 + time1)*((18257*time1.^4)/200 - (4755153814056809*time1.^3)/35184372088832 + (6851283891872229*time1.^2)/140737488355328 + time1) - 200*cos((82393*time1.^5)/10000 - (39733*time1.^4)/2500 + (86133*time1.^3)/10000 - time1.^2/2 + pi/2 + 2527/5000)*sin((18257*time1.^5)/1000 - (4755153814056809*time1.^4)/140737488355328 + (2283761297290743*time1.^3)/140737488355328 + time1.^2/2 - 5327/5000)*((264963*time1.^4)/2000 - (4369951789991067481*time1.^3)/21990232555520000 + (6554954073265668117*time1.^2)/87960930222080000)*(- (82393*time1.^4)/2000 + (39733*time1.^3)/625 - (258399*time1.^2)/10000 + time1) - 200*sin((82393*time1.^5)/10000 - (39733*time1.^4)/2500 + (86133*time1.^3)/10000 - time1.^2/2 + pi/2 + 2527/5000)*cos((18257*time1.^5)/1000 - (4755153814056809*time1.^4)/140737488355328 + (2283761297290743*time1.^3)/140737488355328 + time1.^2/2 - 5327/5000)*((264963*time1.^4)/2000 - (4369951789991067481*time1.^3)/21990232555520000 + (6554954073265668117*time1.^2)/87960930222080000)*(- (82393*time1.^4)/2000 + (39733*time1.^3)/625 - (258399*time1.^2)/10000 + time1)

